2 0.04835360599999916 96 
5 1.1869999998026515e-05 600 
10 3.96899999799416e-06 2400 
12 4.3999999981281235e-06 3456 
15 4.237000002405011e-06 5400 
20 4.8290000016493195e-06 9600 
30 7.81399999993937e-06 21600 
40 8.428000001003966e-06 38400 
45 7.689000000254964e-06 48600 
50 1.0183000000552056e-05 60000 
55 1.1415999999542237e-05 72600 
60 9.477999999063513e-06 86400 
75 4.2274000001896184e-05 135000 
100 0.00017807500000088794 240000 
125 0.0002160220000000379 375000 
160 0.000371393999998304 614400 
200 0.0005861420000030648 960000 
250 0.0017889229999994427 1500000 
350 0.0005314660000017568 2940000 
500 0.0011533509999992475 6000000 
600 0.0016621560000018576 8640000 
800 0.0029244169999991243 15360000 
1000 0.005314578000000125 24000000 
2000 0.018586134999999615 96000000 
5000 0.12674423900000065 600000000 
10000 0.5555218580000023 2400000000 
