2 0.051437590999995564 96 
5 1.230499999849144e-05 600 
10 4.187999998350733e-06 2400 
12 4.7210000033715005e-06 3456 
15 4.3739999995295875e-06 5400 
20 4.537999998888154e-06 9600 
30 5.057999999280582e-06 21600 
40 6.169000002387293e-06 38400 
45 6.1110000046937785e-06 48600 
50 6.313999996621078e-06 60000 
55 6.401000000266777e-06 72600 
60 8.250999997017061e-06 86400 
75 3.111200000205372e-05 135000 
100 0.00015699800000135156 240000 
125 0.00022146799999944733 375000 
160 0.0003999280000002159 614400 
200 0.0005690280000010262 960000 
250 0.001952678999998625 1500000 
350 0.0005742489999960299 2940000 
500 0.0012211000000021954 6000000 
600 0.001639745999995057 8640000 
800 0.0031519140000000334 15360000 
1000 0.00642266300000216 24000000 
2000 0.021872315000003084 96000000 
5000 0.13841133599999722 600000000 
10000 0.5780086269999956 2400000000 
