2 0.050739210999999784 96 
5 1.4990000000381087e-05 600 
10 5.341999999686209e-06 2400 
12 7.819000000353071e-06 3456 
15 7.404999999849338e-06 5400 
20 8.820999999770152e-06 9600 
30 1.5906999999870663e-05 21600 
40 1.3595000000421464e-05 38400 
45 2.07690000006977e-05 48600 
50 7.3279999988074e-06 60000 
55 2.537399999980039e-05 72600 
60 2.228700000017625e-05 86400 
75 3.3163000001223963e-05 135000 
100 0.00014563100000053453 240000 
125 0.00020532699999975534 375000 
160 0.0003560589999995756 614400 
200 0.0005482209999989607 960000 
250 0.0018146859999994547 1500000 
350 0.0005203930000003965 2940000 
500 0.001078570000000667 6000000 
600 0.0019258850000003491 8640000 
800 0.0038639040000010283 15360000 
1000 0.004786263999999818 24000000 
2000 0.022332976999999588 96000000 
5000 0.13798827400000135 600000000 
10000 0.5694094180000011 2400000000 
