2 0.04632970499999978 96 
5 1.3580000000068537e-05 600 
10 4.94000000017536e-06 2400 
12 5.484000000066658e-05 3456 
15 2.788600000069863e-05 5400 
20 6.914000000080023e-06 9600 
30 6.88899999978787e-06 21600 
40 8.380999999779704e-06 38400 
45 7.8740000004629e-06 48600 
50 8.392000000689848e-06 60000 
55 8.822999999935632e-06 72600 
60 3.87479999996998e-05 86400 
75 4.0729000000183646e-05 135000 
100 0.00019691999999960075 240000 
125 0.00028126600000000224 375000 
160 0.00042271500000001794 614400 
200 0.0007365740000002674 960000 
250 0.001930329999999536 1500000 
350 0.0005866499999997998 2940000 
500 0.0011043019999998904 6000000 
600 0.0016973799999995265 8640000 
800 0.003069913000000035 15360000 
1000 0.006246113000000442 24000000 
2000 0.021854782000000128 96000000 
5000 0.13452770900000033 600000000 
10000 0.591752369 2400000000 
