2 0.05444039900000064 96 
5 1.528399999983776e-05 600 
10 6.427999998948053e-06 2400 
12 8.019999999220317e-06 3456 
15 7.147000001594961e-06 5400 
20 7.5049999992415906e-06 9600 
30 8.784999998567855e-06 21600 
40 9.909999999280217e-06 38400 
45 1.066499999780035e-05 48600 
50 1.1444000001858967e-05 60000 
55 8.127999997498137e-06 72600 
60 7.280999998471316e-06 86400 
75 3.063700000183189e-05 135000 
100 0.00017067099999934499 240000 
125 0.0002281709999998327 375000 
160 0.0013410459999967372 614400 
200 0.0009662400000003402 960000 
250 0.002868325000001448 1500000 
350 0.0008513940000014486 2940000 
500 0.0016703510000013466 6000000 
600 0.0024065019999994774 8640000 
800 0.004328640000000661 15360000 
1000 0.007717245999998568 24000000 
2000 0.023169641999999158 96000000 
5000 0.13528104499999927 600000000 
10000 0.5765876569999975 2400000000 
