2 0.04930496400000095 96 
5 1.3960000000423634e-05 600 
10 5.5229999986750045e-06 2400 
12 6.258999999175785e-06 3456 
15 6.094999999817219e-06 5400 
20 6.044999999232914e-06 9600 
30 7.188000001434602e-06 21600 
40 7.637999999587919e-06 38400 
45 8.136000001712773e-06 48600 
50 8.260999997844465e-06 60000 
55 3.5864000000884744e-05 72600 
60 8.322999999421654e-06 86400 
75 3.487300000060145e-05 135000 
100 0.00020212700000143968 240000 
125 0.000216009000002515 375000 
160 0.00036496299999910775 614400 
200 0.0005414190000010421 960000 
250 0.0021193429999968316 1500000 
350 0.0006549860000006902 2940000 
500 0.001143667000000903 6000000 
600 0.001792258000001823 8640000 
800 0.0037198089999996853 15360000 
1000 0.00575031199999998 24000000 
2000 0.025281921999997792 96000000 
5000 0.13379597000000132 600000000 
10000 0.5651388570000009 2400000000 
