2 1.278100000001725e-05 96 
5 5.681999999951337e-06 600 
10 4.857000000080269e-06 2400 
12 4.630000000060974e-06 3456 
15 8.251999999986381e-06 5400 
20 4.829999999955703e-06 9600 
30 9.729000000069377e-06 21600 
40 1.3592000000062221e-05 38400 
45 6.583000000004446e-06 48600 
50 1.55539999999732e-05 60000 
55 6.732999999981004e-06 72600 
60 7.328000000028645e-06 86400 
75 1.0124000000000244e-05 135000 
100 5.167400000005706e-05 240000 
125 6.446699999995698e-05 375000 
160 0.00011580099999997095 614400 
200 0.00024933399999993444 960000 
250 0.0002868099999999707 1500000 
350 0.0009156289999999734 2940000 
500 0.0012633449999999158 6000000 
600 0.0019270550000000108 8640000 
800 0.0033378169999999097 15360000 
1000 0.006003400000000103 24000000 
2000 0.025369009000000053 96000000 
5000 0.20357971499999983 600000000 
10000 0.5545002710000002 2400000000 
