2 0.046392014999998565 96 
5 1.436500000195906e-05 600 
10 5.405999999652522e-06 2400 
12 5.729999998038693e-06 3456 
15 5.560000001736398e-06 5400 
20 6.501000001435386e-06 9600 
30 5.9509999985607465e-06 21600 
40 7.3150000012844885e-06 38400 
45 6.83200000040074e-06 48600 
50 7.215000000115879e-06 60000 
55 7.14500000142948e-06 72600 
60 7.455999998740026e-06 86400 
75 3.5065999998806774e-05 135000 
100 0.00016662099999820157 240000 
125 0.00023436100000040483 375000 
160 0.0003748530000002859 614400 
200 0.0006138060000004941 960000 
250 0.001995589999999936 1500000 
350 0.0006550019999984613 2940000 
500 0.0011828930000028492 6000000 
600 0.0022624680000014052 8640000 
800 0.0032138760000002264 15360000 
1000 0.006353342000000595 24000000 
2000 0.020707754000000023 96000000 
5000 0.13121622599999938 600000000 
10000 0.5733922100000015 2400000000 
