2 0.0597520999999972 96 
5 1.2536999996370923e-05 600 
10 4.192000005787122e-06 2400 
12 4.6390000036922174e-06 3456 
15 4.527000001530723e-06 5400 
20 4.652999997745155e-06 9600 
30 5.4710000014779325e-06 21600 
40 5.696999998860974e-06 38400 
45 5.913999999052066e-06 48600 
50 6.1749999957783075e-06 60000 
55 6.582999994009242e-06 72600 
60 7.097000001010656e-06 86400 
75 3.1234999994467216e-05 135000 
100 0.00021845499999528784 240000 
125 0.00023943400000092652 375000 
160 0.0005135230000021807 614400 
200 0.0006047099999975103 960000 
250 0.002266714000001002 1500000 
350 0.0006522440000011898 2940000 
500 0.0014497940000026688 6000000 
600 0.0025654009999982463 8640000 
800 0.0035639809999992167 15360000 
1000 0.005702381999995509 24000000 
2000 0.02975548900000291 96000000 
5000 0.1532681260000004 600000000 
10000 0.5464022009999994 2400000000 
