2 0.05597702800000093 96 
5 1.2768000004825808e-05 600 
10 4.965000002243869e-06 2400 
12 5.6380000046374334e-06 3456 
15 5.352999998819996e-06 5400 
20 5.4539999965186325e-06 9600 
30 6.4090000009287e-06 21600 
40 6.679999998482344e-06 38400 
45 7.055999994065587e-06 48600 
50 7.3050000040097984e-06 60000 
55 7.66800000207013e-06 72600 
60 8.427000004473939e-06 86400 
75 3.508700000054432e-05 135000 
100 0.00022269400000141104 240000 
125 0.000226797999999917 375000 
160 0.00038409000000427795 614400 
200 0.0006445619999979613 960000 
250 0.0018889199999989614 1500000 
350 0.0005734510000010573 2940000 
500 0.0012275099999996542 6000000 
600 0.0017776470000043787 8640000 
800 0.004491586999996855 15360000 
1000 0.006052512000003674 24000000 
2000 0.022879660999997498 96000000 
5000 0.12874403699999704 600000000 
10000 0.5963504579999963 2400000000 
