2 5.906269999999547e-05
5 4.978669999999852e-05
10 6.243059999999634e-05
12 6.914350000000735e-05
15 6.221250000000844e-05
20 8.091060000000593e-05
30 0.00010056190000000687
40 0.00013565049999999523
45 0.0001496639999999938
50 0.0001818864999999892
55 0.00019783959999999378
60 0.00023101390000000445
75 0.00033575399999998814
100 0.0004157577999999995
125 0.002049526400000007
160 0.001893278499999984
200 0.0023074691000000147
250 0.003951927700000002
350 0.00952410079999999
500 0.022503067200000004
600 0.03493877190000001
800 0.07574447580000003
1000 0.14983417440000008
2000 0.9014793978999996
3000 3.4220686512999996
4000 5.504873773900001
5000 12.680182663300002
6000 23.402303680700005
7000 40.935879049099995
8000 47.11792323059999
9000 66.84352163670005
10000 103.55250327889993
