2 3.9454899999991076e-05
5 3.98920999999941e-05
10 4.450880000000934e-05
12 5.0622699999997024e-05
15 4.386630000000058e-05
20 5.377570000000276e-05
30 5.695330000001775e-05
40 8.08224000000024e-05
45 8.124260000000883e-05
50 0.0001005582999999921
55 0.00010348909999998712
60 0.00011269229999999464
75 0.00016552420000000566
100 0.00018368979999999757
125 0.001398345799999995
160 0.001334181600000006
200 0.0008530914000000167
250 0.0020117326000000046
350 0.003332603600000006
500 0.008719914999999967
600 0.0137999545
800 0.025866344200000047
1000 0.05008801059999999
2000 0.2617692526
3000 0.8367364370000004
4000 1.5129863922999989
5000 3.5747588794000054
6000 6.33971422240001
7000 10.636985368800003
8000 13.325228385800006
9000 18.565007192500094
10000 28.080006943800026
