2 4.069719999999499e-05
5 4.793450000000199e-05
10 6.05226999999986e-05
12 6.501390000001051e-05
15 7.835540000000751e-05
20 5.731169999999564e-05
30 6.351319999998717e-05
40 8.852779999999339e-05
45 9.840270000001094e-05
50 0.00010248180000000939
55 0.00010981629999999854
60 0.00012758959999998877
75 0.00023744489999999452
100 0.0007275364000000062
125 0.0004991983000000033
160 0.0009935566999999868
200 0.0010788836000000135
250 0.0016495059000000366
350 0.004098418400000003
500 0.008892826599999992
600 0.015509615900000018
800 0.02818218560000001
1000 0.04938371590000008
2000 0.2512772445999996
3000 0.701560338900002
4000 1.4691349224000008
5000 2.9051124198000053
6000 4.862401592199978
7000 7.455595428200013
8000 10.881598050199955
9000 15.18580258209995
10000 20.859171214399975
