2 9.790429999999017e-05
5 0.00011753999999999376
10 0.00011733690000000352
12 0.0001343851999999701
15 0.00013674790000000047
20 0.00013053249999996907
30 0.00014077630000001174
40 0.00015497789999998623
45 0.00017260460000000365
50 0.00018479950000001023
55 0.00018522170000000447
60 0.0002025678999999836
75 0.0004225364999999925
100 0.0013473665999999885
125 0.0006267467000000138
160 0.0009557144999999933
200 0.0010600143000000228
250 0.0015978033999999974
350 0.0029055765000000067
500 0.006692687799999986
600 0.010490831200000005
800 0.02441195989999998
1000 0.046918109199999766
2000 0.21077234640000028
3000 0.5755791870999971
4000 1.1273849481
5000 2.1054162557999945
6000 3.508034964500007
7000 5.204552542300019
8000 7.580528388000107
9000 10.078482109300102
10000 13.39914947669995
