2 0.00012814629999999828
5 0.00013605689999999783
10 0.00014774790000000594
12 0.00017775389999999947
15 0.00016826680000000537
20 0.0001756277999999889
30 0.0001919014000000163
40 0.000232697500000012
45 0.0002604361000000166
50 0.00028541429999999756
55 0.0002785009000000116
60 0.0003143998999999731
75 0.00038152859999999176
100 0.0010172746999999927
125 0.0009375326000000018
160 0.0012551831999999985
200 0.0013278452000000107
250 0.0028023474000000046
350 0.004486021799999973
500 0.010152723800000051
600 0.016433438200000074
800 0.038890610300000225
1000 0.06900474850000045
2000 0.2920310059999993
3000 0.789201195799999
4000 1.5612141035000007
5000 2.8559064852999994
6000 4.672972479399999
7000 6.997599881499957
8000 10.323104489700018
9000 13.462265364100086
10000 17.938157461800028
