2 6.562759999999557e-05
5 7.91859999999922e-05
10 0.00010101399999999372
12 0.00011744690000001223
15 0.0001325149999999886
20 0.00010228969999996896
30 0.0001202080999999966
40 0.00016311649999999344
45 0.00017997760000001417
50 0.00018893880000000473
55 0.0002080278000000213
60 0.00024169849999999826
75 0.0007256421999999984
100 0.00382908839999998
125 0.001155248100000028
160 0.0029682323999999814
200 0.0028217458000000086
250 0.005017419099999998
350 0.010554898900000009
500 0.025935832699999994
600 0.0422002961
800 0.09153264889999994
1000 0.15462911360000034
2000 0.8086591687999999
3000 2.625444754199999
4000 5.364968774000005
5000 10.364278687400006
6000 17.580021774200002
7000 27.02499308570001
8000 39.82533673020007
9000 56.06476774839994
10000 76.50786845769998
