2 0.00013655059999999607
5 0.00014178360000000612
10 0.00016593380000000656
12 0.00017849020000000327
15 0.00018767570000001178
20 0.00016721589999998398
30 0.000164919100000005
40 0.00020178039999999565
45 0.00022433949999999258
50 0.00021416009999998266
55 0.00024036819999999625
60 0.00025423399999998655
75 0.00044498939999999544
100 0.0013402449999999843
125 0.0007668396999999883
160 0.0012835548999999946
200 0.001458873500000013
250 0.0034209971999999756
350 0.004778158900000018
500 0.010525309499999991
600 0.01645794190000003
800 0.0356018301000002
1000 0.07180047419999971
2000 0.2936848683999992
3000 0.8464373449
4000 1.6792323961000037
5000 3.1972799510999863
6000 5.430040942600039
7000 8.143310651900014
8000 11.868692475700026
9000 16.41641976800006
10000 21.913968652399898
