2 0.00010847759999998985
5 0.00011619419999999713
10 0.00012379879999999677
12 0.00015345519999998558
15 0.00013766739999998556
20 0.00014155850000001634
30 0.0001459529000000015
40 0.00016981919999998764
45 0.00017915239999998222
50 0.00019781850000000212
55 0.00020224040000000888
60 0.00021936799999999756
75 0.00044780250000004963
100 0.0016787530000000107
125 0.0007568304000000192
160 0.0009857637999999835
200 0.00105114150000003
250 0.0015892586000000098
350 0.0029497278999999653
500 0.006965884899999941
600 0.010018116399999898
800 0.027900031799999912
1000 0.049785118399999814
2000 0.2167984566000003
3000 0.604062971099998
4000 1.140572089600005
5000 2.1121194325000063
6000 3.5062110467999785
7000 5.222855502200025
8000 7.5179929119
9000 10.15938985870007
10000 13.36116065059996
