2 0.039613061000011385 0.05085997799994857
5 8.504499999162363e-05 6.79040000477471e-05
10 3.802300000188552e-05 4.4790000004013564e-05
12 4.280299998526971e-05 3.880200000594414e-05
15 4.183300001159296e-05 4.1607000014209916e-05
20 4.252799999449053e-05 4.877200001374149e-05
30 4.616900002929469e-05 6.370299996660833e-05
40 4.952799997681723e-05 7.906100000809602e-05
45 5.093900000474605e-05 9.865800001307434e-05
50 5.3245999993123405e-05 0.00016772499998296553
55 5.710200002795318e-05 0.0001946529999941049
60 6.14350000205377e-05 0.0001915240000016638
75 0.0001039549999859446 0.0002543260000038572
100 0.00033916300003511424 0.00043767299996488873
125 0.0003871659999958865 0.000980549000018982
160 0.0015285220000009758 0.0017176640000116095
200 0.0035985229999937474 0.00225583399998186
400 0.005128713000033258 0.009976139999992029
800 0.009294850999992832 0.06450173400003223
1000 0.01223869399996147 0.16696380500002306
2000 0.056065173000035884 0.7692284669999481
5000 0.46199943800002075 10.080878718000008
10000 1.6765117200000077 72.206042163
