2 0.0010599470000016709 0.09549294400000008
5 0.0010585740000124133 0.0023505679999971107
10 0.0008487690000009707 0.00419676100000288
12 0.0008974260000087497 0.004706108999997127
15 0.0008715519999924481 0.005653324000007842
20 0.0009134279999898354 0.007306592000006162
30 0.000928322999996567 0.01056719000000328
40 0.0009874940000003107 0.014500862999994979
45 0.0010916180000037912 0.019060987000003138
50 0.0016948590000112063 0.018750722999996583
55 0.0010718150000030846 0.02082059900000388
60 0.0012417209999995293 0.026990550999997254
75 0.0015216409999965208 0.03478767400000038
100 0.0016455410000020265 0.044002903999995624
125 0.0025024460000082627 0.04870413599999779
160 0.002096199999996884 0.06484263400000145
200 0.002385156000002553 0.08251273100000844
400 0.005734465000003297 0.1576317349999954
800 0.021442140999994308 0.3588973980000105
1000 0.031681282999997507 0.45691258800000867
2000 0.11976255099999378 1.1222672810000063
5000 0.7696325679999916 4.4705689980000045
10000 3.0209104799999977 18.070374001000005
