2 9.089300000031386e-05 0.00016744800000001447
5 6.157100000026006e-05 4.3290999999889834e-05
10 4.479199999973815e-05 5.52129999999984e-05
12 4.285300000006487e-05 3.871100000019112e-05
15 4.163899999998222e-05 4.12730000003414e-05
20 4.266400000041415e-05 5.6566999999674294e-05
30 5.8958999999969564e-05 6.62789999998914e-05
40 6.409800000017896e-05 0.0001091609999996912
45 6.171599999982291e-05 0.00026777000000022255
50 0.00010431399999966118 0.00014127800000007795
55 9.124600000021132e-05 0.00015877299999988992
60 7.318800000000181e-05 0.00017550199999982752
75 0.00010363099999999292 0.00025692300000024204
100 0.00018626899999985014 0.0004143760000001606
125 0.0001808080000000878 0.0008134970000002184
160 0.00034556299999977114 0.0012694610000001383
200 0.0014971459999997272 0.0019324499999999745
400 0.0022428460000001316 0.010423872999999695
800 0.010393397000000082 0.08355887100000015
1000 0.012219517999999763 0.14438449500000017
2000 0.07829350999999996 0.7971502829999997
5000 0.44467755200000036 10.262782541
10000 1.6523713840000003 73.64882987499999
