2 0.043518022000000656 0.05232792299995026
5 8.321899997554283e-05 6.944000000430606e-05
10 3.757600001108585e-05 4.3967000010525226e-05
12 4.2929000017011276e-05 3.9045999983500224e-05
15 4.212499999312058e-05 4.137600001286046e-05
20 4.221000000370623e-05 4.766900002550756e-05
30 4.6224000016081845e-05 6.356000000096174e-05
40 4.924200004552404e-05 7.866599997896628e-05
45 5.0865999980942433e-05 9.60429999850021e-05
50 5.420600001571074e-05 0.00017118299996354835
55 5.5901999985508155e-05 0.00019091799998705028
60 6.0847000042940635e-05 0.00019350599995959783
75 0.00010536999997157181 0.0002714490000244041
100 0.0004169869999941511 0.0003634200000419696
125 0.0007056320000060623 0.0007625719999850844
160 0.0014952360000393128 0.0016945739999982834
200 0.00025852800001757714 0.005038812999998754
400 0.004049237999993238 0.01153995199996416
800 0.009293561999982103 0.06424528100001226
1000 0.013979403999996975 0.14652762700001176
2000 0.05888355199999751 0.8157375119999983
5000 0.4677085630000306 10.208939594000014
10000 1.6727318420000188 72.49900234
