2 0.03815415200000416 0.0582387469999901
5 8.351999997557868e-05 6.900500000028842e-05
10 3.9408999981560555e-05 4.588800001670279e-05
12 4.830700001434707e-05 4.15339999904063e-05
15 4.42049999946903e-05 4.341799998996976e-05
20 4.3955999984746086e-05 4.907199999593104e-05
30 4.802300000505966e-05 6.498199999782628e-05
40 5.7988999998315194e-05 8.114399997793953e-05
45 5.278200001157529e-05 9.900199998469361e-05
50 5.6561000008059636e-05 0.0001730239999915284
55 5.899399999975685e-05 0.00020664099997702579
60 9.334500001045853e-05 0.00020167599998899277
75 0.00010993099999723199 0.000262976999977127
100 0.00035421900000187634 0.00044851399999856767
125 0.0003973649999977624 0.0012325609999948028
160 0.0017482119999954193 0.0016623590000222066
200 0.0036506409999788048 0.0024085550000165767
400 0.004966123999992078 0.010019339000024274
800 0.009478151000024582 0.06603788599997529
1000 0.014710755000010067 0.14351141999998163
2000 0.05632888899998534 0.7719055240000046
5000 0.43957665599998563 10.301079451000021
10000 1.658395181000003 72.64017607000002
