2 0.0021007940000004055 0.12287596900000253
5 0.0013235479999984534 0.0029989380000010613
10 0.0010885339999973098 0.004476630000002757
12 0.0009631740000024536 0.004677884999999549
15 0.0008984749999996211 0.005666554999997686
20 0.0009302610000005984 0.007742860000000462
30 0.0010298499999983335 0.01398645300000112
40 0.001382249999998919 0.015213071999998107
45 0.0012572810000008872 0.017927943000000113
50 0.0015333289999972521 0.026374041000000403
55 0.0012499089999984392 0.02303249399999885
60 0.0019952369999991504 0.02696597399999945
75 0.0014785910000014724 0.03381142099999934
100 0.0017576110000021572 0.040275043999997706
125 0.002392837999998676 0.0523502459999996
160 0.0033956380000006448 0.07008214300000049
200 0.00300270299999994 0.08177693099999672
400 0.006074853000001212 0.1744617280000007
800 0.02239620299999956 0.4122105829999967
1000 0.032291702999998506 0.47078700500000537
2000 0.11249176700000163 1.1310664149999994
5000 0.7265910699999978 4.508285688000001
10000 3.004751243000001 19.163406195
