2 0.0011016779999977189 0.101243371999999
5 0.0010627270000043154 0.003135645000000409
10 0.0010695840000067847 0.005029789999994705
12 0.0009898550000002615 0.004955490000000395
15 0.0008723800000041138 0.0056708850000006805
20 0.0008840530000071567 0.007303824999993935
30 0.0009840259999975842 0.01281690599999763
40 0.0012265740000003689 0.015090775000004442
45 0.0010226100000068072 0.015744998000002397
50 0.0010285390000035477 0.017275835999996048
55 0.0010772239999994326 0.021996122000004448
60 0.0011114360000021861 0.02392256400000292
75 0.0016916790000038873 0.03372306100000344
100 0.0017544079999964879 0.04453011300000753
125 0.0020399070000109987 0.05295177799999351
160 0.002055611000002955 0.06100807599999314
200 0.002845346000000859 0.08275443899999857
400 0.006457863999997926 0.16888318600000218
800 0.021728632000005632 0.3577707919999966
1000 0.030483691999990015 0.45481060699999887
2000 0.11373513200000218 1.1047826460000039
5000 1.6479500669999965 4.467950485000003
10000 3.0034457749999888 15.810484955000007
