2 0.001318925999999998 0.0016498659999999998
5 0.0009960800000000103 0.002517138999999946
10 0.0009347449999999591 0.006816432000000039
12 0.001845432999999952 0.008892468000000042
15 0.00181405699999998 0.007420959000000005
20 0.0010567100000000162 0.00887320299999994
30 0.0015129059999999805 0.019582816000000003
40 0.0016312450000000034 0.015001328999999952
45 0.0010581159999999423 0.01611185000000004
50 0.0010446290000000191 0.01827696600000006
55 0.0010688290000000489 0.020658348999999965
60 0.0015363569999999882 0.025871211000000005
75 0.0014378770000000873 0.026809839000000002
100 0.00147744400000005 0.04447415499999996
125 0.00198271800000005 0.053339859999999906
160 0.004178652000000005 0.064104889
200 0.004154247 0.07440411400000002
400 0.006137447999999934 0.17005766700000013
800 0.019912943999999877 0.34663519100000006
1000 0.029843347999999992 0.4487385180000001
2000 0.10959409299999989 1.0976440280000004
5000 0.7634604220000001 4.354975251000001
10000 2.9342552879999992 20.188960295999998
