2 0.0017708650000045623 0.11395275799999638
5 0.0011831420000021353 0.0035814980000026253
10 0.001181080000002055 0.005018391999996652
12 0.0011124209999948675 0.005747570000004032
15 0.0009877289999948857 0.005927677000002518
20 0.0009275159999972971 0.007302764000002071
30 0.001022194000000809 0.010930647999998655
40 0.0009867240000005495 0.016383914000002164
45 0.0012585349999980622 0.016244117999995922
50 0.001032493999993278 0.020181315000002087
55 0.0014003690000023994 0.02127499699999902
60 0.0012007810000014274 0.02870664799999645
75 0.0016146310000024755 0.030835750000001383
100 0.0016710729999971363 0.041550847000003444
125 0.001743060000002572 0.05105320999999918
160 0.0022021930000022394 0.06774469499999469
200 0.0027857700000026853 0.08039619899999906
400 0.0063874449999943295 0.16394706300000195
800 0.020056980000006774 0.35119623399999966
1000 0.030043231000000503 0.4708728120000032
2000 0.11197086600000006 1.2294297310000033
5000 0.727607675999991 4.453844816
10000 2.877098871000001 16.213794842
