2 0.041923189000002026 0.05150315299999875
5 8.538100000521354e-05 7.069400000148107e-05
10 3.922300000169798e-05 4.4664999990118304e-05
12 4.236399999513196e-05 3.9515000011647317e-05
15 4.281299999320254e-05 4.155300000263651e-05
20 5.835900000761285e-05 4.859300000248368e-05
30 6.2283999994861e-05 7.258899999840196e-05
40 6.605900000522524e-05 9.010899999850608e-05
45 5.191500000023552e-05 0.00011126899998714634
50 5.3702999991855904e-05 0.000166397000000984
55 7.151899998802946e-05 0.0001934930000118129
60 5.963199998859636e-05 0.00018897800001127507
75 0.0001031270000027007 0.0002557379999927889
100 0.0003377049999926385 0.0003489180000002534
125 0.0006947390000107134 0.0007178449999969416
160 0.0016372030000013638 0.0017161660000084566
200 0.00025969699998995566 0.005231131000002165
400 0.0038360819999923024 0.011617696000001843
800 0.009157192999992958 0.06414611799999648
1000 0.012235430000004044 0.17498198100000195
2000 0.06546500600001082 0.8733387369999974
5000 0.4587118059999966 10.456437057000002
10000 1.6885162470000097 81.160088961
