2 0.08858063100001345 0.04533946399999422
5 5.20469999969464e-05 2.88379999915378e-05
10 1.924000000030901e-05 1.0426000017105252e-05
12 2.277499999081556e-05 9.11800000835683e-06
15 2.2790000002714805e-05 1.0733999999956723e-05
20 2.7638000005936192e-05 1.0183000000552056e-05
30 3.746900000578535e-05 1.3851999995040387e-05
40 5.378899999186615e-05 1.7407000001412598e-05
45 6.25940000134051e-05 2.190500001120199e-05
50 7.305799999812734e-05 2.5483999991138262e-05
55 8.331999998745232e-05 3.232599999591912e-05
60 9.441400001719558e-05 3.525399998238754e-05
75 0.00019835500000908723 0.00010658499999749438
100 0.00037651200000254903 0.0001510449999955199
125 0.0005918839999878855 0.00028403499999285486
160 0.0011445600000001832 0.0006506819999856361
200 0.0018875510000100348 0.0010648219999893627
400 0.006782536999992317 0.0055856520000077126
800 0.020488923000016257 0.027890977999987854
1000 0.03653778600002511 0.06492602599999486
2000 0.12663182000000006 0.5727368429999729
5000 0.8311893849999876 6.824287243000015
10000 3.1016902970000046 49.570925286000005
