2 0.009089700000004086 0.19201259900000878
5 0.0013737769999977445 0.00222154400000818
10 0.001405304000002161 0.0016460850000044047
12 0.0008604770000033568 0.0013157710000086809
15 0.0009687730000109696 0.0014384749999862834
20 0.0012931200000139143 0.0028293759999939994
30 0.0012747510000110651 0.0012474229999952513
40 0.001789925999986508 0.0013700089999986176
45 0.0012379560000113088 0.0018197889999953532
50 0.0028242500000033033 0.0011900959999877614
55 0.0007763559999887093 0.0006858380000096531
60 0.0013209260000053291 0.0027840340000011565
75 0.0013851769999746466 0.0017853170000137197
100 0.002212152999987893 0.002092355000002044
125 0.004342678000000433 0.0019467089999807285
160 0.0028905370000131825 0.0012583550000044852
200 0.0053862489999971785 0.0013308370000117975
400 0.029891781000003448 0.0023854900000230828
800 0.1971598659999927 0.005106613999998899
1000 0.3250919680000095 0.004900129999981573
2000 0.7974394940000025 0.026108986999986428
5000 7.050714325000001 0.41671526100000733
10000 29.081667780999993 3.0908418850000317
