2 0.0003565329999979383 4.7158000000990796e-05
5 2.3189000000201077e-05 1.1631999999650589e-05
10 2.558699999966052e-05 1.0724000002682033e-05
12 2.1517999996945036e-05 9.854000001752183e-06
15 2.4788000001052524e-05 1.1168000000338907e-05
20 2.7451000001121884e-05 1.0918000000970096e-05
30 4.578399999743965e-05 1.773199999988151e-05
40 6.865000000289001e-05 2.4111999998410738e-05
45 8.142799999788508e-05 2.73690000014426e-05
50 9.571400000041308e-05 3.0406000000482436e-05
55 0.00010054699999884065 3.791800000030321e-05
60 0.0001147520000017721 4.303500000091276e-05
75 0.00014848100000008913 0.00016982100000006994
100 0.0003051650000003292 0.00019607600000171033
125 0.00038766500000164683 0.0003024680000009994
160 0.0008282140000019922 0.000619001000000452
200 0.0016841729999974575 0.0009351310000020874
400 0.0075809400000004246 0.005224996999999121
800 0.026852378000000954 0.04648919799999973
1000 0.0364473959999998 0.08806334900000223
2000 0.1864779839999997 0.5660200059999987
5000 0.7938722739999982 7.0320387979999985
10000 3.1565977410000023 51.849953036
