2 0.00834434899999792 0.10760486899999933
5 0.0013321519999891507 0.004736261000005015
10 0.0008145339999998669 0.0008758019999959288
12 0.0006650090000022146 0.0007640559999941843
15 0.002172414999989769 0.0021624689999981683
20 0.0017101619999948525 0.002095206999996435
30 0.0011035919999926591 0.005806641000006607
40 0.002429039000006128 0.0023111900000003516
45 0.0021072389999972074 0.00249967400000628
50 0.004068820999989953 0.0028934780000042792
55 0.002118012000011049 0.0021223929999933944
60 0.0018116760000026488 0.0018190650000065034
75 0.010564670999997361 0.0016169409999946538
100 0.004096223000004784 0.00187831499999902
125 0.00926601800000526 0.0019498639999966372
160 0.01089120199999627 0.006326986000004808
200 0.011284976999988316 0.002506620000005455
400 0.05543894299999863 0.008104179000000045
800 0.1681221350000044 0.005795172999995657
1000 0.3877548920000038 0.00691554199998734
2000 1.5895955379999975 0.021849123999999165
5000 10.074457581000004 0.5627149849999995
10000 40.20426769400001 3.6174353600000018
