2 0.09482238800001141 0.04458957099998884
5 5.1045999981624846e-05 2.9926000024715904e-05
10 1.7993999989585063e-05 1.0723000002599292e-05
12 2.2060000020474035e-05 9.235999982593057e-06
15 2.3779000002832618e-05 1.0652000014488294e-05
20 2.551000000039494e-05 1.034899997875982e-05
30 3.740600001833627e-05 1.4287999988482625e-05
40 5.19429999883414e-05 1.7592999995486025e-05
45 6.0917999974208215e-05 2.1903000003931083e-05
50 7.101099998862992e-05 2.5334000014254343e-05
55 8.285100000193779e-05 3.232699998534372e-05
60 9.437299999603965e-05 3.502800001342621e-05
75 0.00019880600001442872 0.00011620499998343803
100 0.00040951299999392177 0.00015244499999766958
125 0.0005808889999912026 0.0002801079999983358
160 0.0011100410000040029 0.0006300539999983812
200 0.0018799019999846678 0.0010314620000144714
400 0.006706221000001733 0.00554075900001294
800 0.020589274999991858 0.028972728000013603
1000 0.03359703000000991 0.06771744199997443
2000 0.12185774400001037 0.5758007560000067
5000 0.8239178180000124 7.375623437999991
10000 3.2174486709999996 59.52514313400002
