2 0.00399355000000412 0.1061605479999912
5 0.001052346000008697 0.0014927189999980328
10 0.0022416259999999966 0.001770843000002742
12 0.0011261100000012902 0.0017621620000056737
15 0.0014294159999934664 0.001860675000003198
20 0.0014748079999975516 0.000990371000000323
30 0.000948186000002238 0.0009452399999929639
40 0.001942865000003735 0.002035717999987696
45 0.0015197840000098495 0.0016845079999967538
50 0.0014244210000100566 0.0016093579999960639
55 0.0016175640000000158 0.0011199200000078235
60 0.0016284269999999879 0.0016594400000116138
75 0.0018223269999992908 0.001623114000011583
100 0.0023530080000000453 0.0014820699999944509
125 0.004172627000002649 0.0016690239999945788
160 0.004558563999992771 0.002215972000001898
200 0.008010165000001734 0.0019310299999943936
400 0.035660875999994346 0.002215157999998496
800 0.14897316399999738 0.004575564999996118
1000 0.21750724399998944 0.006665632000007804
2000 1.0875723609999994 0.02512694099999635
5000 7.013417269000016 0.3483551569999861
10000 37.403358545 4.243389552999986
