2 0.1014557069999995 0.047567135999997845
5 5.1507999998534615e-05 2.747699998906228e-05
10 2.1028999995564845e-05 1.125600000762006e-05
12 2.248999999210355e-05 1.0222000000226217e-05
15 2.4164999999243264e-05 1.1322999995400096e-05
20 2.88360000126886e-05 1.1028999992390709e-05
30 4.029000000116412e-05 1.4948999989883305e-05
40 6.847699999923407e-05 3.0136000006564245e-05
45 7.492700000000241e-05 2.3838000004161586e-05
50 9.581399999092355e-05 2.796100000068691e-05
55 9.935399999960737e-05 3.4894999998869025e-05
60 0.00010195200000850946 6.74839999987853e-05
75 0.00020169500000122298 0.00010463999998933105
100 0.00040134700000749035 0.000191788999998721
125 0.0009123250000016014 0.0004509310000031519
160 0.0017490040000041063 0.0008730549999995674
200 0.0023259470000027704 0.001290310000001682
400 0.009610944000002064 0.00750794600000404
800 0.024414966999998455 0.046332638999999176
1000 0.035714226000010285 0.05913988599999698
2000 0.11987358400000403 0.4018860030000013
5000 0.8430427229999964 6.997788670000006
10000 3.0228910849999977 49.297184396000006
