2 0.0007256670000010956 0.0007841429999988492
5 0.0004144600000000054 0.0008275239999999684
10 0.0012203389999996261 0.001553430000001299
12 0.00107838099999924 0.0009611280000001443
15 0.0007382180000004013 0.0008299380000007517
20 0.0007026769999995963 0.0013100389999998185
30 0.0008788790000000546 0.0008582009999997808
40 0.001409526999999855 0.0014015210000000167
45 0.0013806420000008757 0.0016008229999986412
50 0.0015672100000010403 0.0018748599999991455
55 0.001516566999999469 0.002911934000000116
60 0.0015925460000012492 0.003442762999998905
75 0.0018094699999995356 0.0016630470000009723
100 0.0015512990000008386 0.0016562069999999096
125 0.00267180700000047 0.0010001880000007901
160 0.004208724000001496 0.0018651089999988102
200 0.007036633000000236 0.0017688249999991967
400 0.03026018699999966 0.0022740859999998975
800 0.15819075799999993 0.004394491999999417
1000 0.2560673680000001 0.007853331999999824
2000 1.383878944000001 0.026082651999999484
5000 8.691173939 0.34501907499999973
10000 44.005910465999996 4.20540229600001
