2 0.12285610699996141 0.05970622100005585
5 5.633699998952579e-05 2.9044000029898598e-05
10 2.163300001711832e-05 1.2224999977661355e-05
12 2.3005999992165016e-05 1.041699999859702e-05
15 2.519000003076144e-05 1.177399997231987e-05
20 2.9377999965163326e-05 1.1185000005298207e-05
30 4.029100000479957e-05 1.553600003489919e-05
40 5.636599996705627e-05 1.93760000115617e-05
45 6.622500001185472e-05 2.4160999998912303e-05
50 0.0001511820000246189 4.35379999998986e-05
55 0.00011330900002803901 4.779599998983031e-05
60 0.00011643099998082107 3.849300003366807e-05
75 0.00021183000001201435 0.0001029320000043299
100 0.0003855010000393122 0.00019649799997978334
125 0.0009214609999617096 0.00041812099999560814
160 0.0019478760000311013 0.000996106000002328
200 0.0024315420000107224 0.001501915000005738
400 0.010117636000018138 0.009626077999996596
800 0.03361629300002278 0.05438248500001919
1000 0.040592419999995855 0.09427498299999115
2000 0.3626337119999903 0.5691893080000341
5000 1.0062742669999807 12.978976615000022
10000 3.317888633999985 57.20209986000003
