2 0.006469175999995969 0.1109463200000107
5 0.0010985749999861127 0.002177710000012212
10 0.002929244000000608 0.0020943270000088887
12 0.0014633579999951962 0.0016176130000076228
15 0.001475233999997272 0.0017095569999980853
20 0.0015426580000053036 0.006369653000007247
30 0.0020031230000085998 0.005166314000007333
40 0.0015065629999924113 0.0023045679999995627
45 0.0022730690000116738 0.0026360550000106286
50 0.0014369060000092304 0.0017532959999755349
55 0.002031610999978284 0.0009717000000080134
60 0.0010448140000107742 0.0009678159999850777
75 0.21677393100000586 0.0017288479999990614
100 0.002176974999997583 0.0015689840000163713
125 0.003975547999999662 0.001685514000001831
160 0.005142077000016343 0.0017291719999832367
200 0.035770264000007046 0.003431670999987091
400 0.10904988499999035 0.002885867999992797
800 0.3301246509999771 0.004567585000017971
1000 0.29959714000000304 0.009732475000021168
2000 1.5384860710000225 0.043383120999976654
5000 12.256660381999978 0.4177583730000265
10000 38.035280321000016 5.221855738999977
