2 0.1580822359999985 0.00027878899999222995
5 0.0001428850000024795 0.0001309259999970891
10 0.00012198599999635462 0.00011952500000234068
12 0.00010209599999200236 0.00014978800000164938
15 6.120599999803744e-05 0.0002643010000014101
20 0.000145559000003459 0.00015686000000414424
30 6.609999999795946e-05 0.00012237100000334067
40 8.814800000322975e-05 0.00013445499999420463
45 9.354299999131399e-05 0.00022214700000233734
50 0.00011862899999925958 0.00023066900000401347
55 7.86340000047403e-05 0.00020454099998801212
60 0.00012997899999334095 0.00031818800000849023
75 0.0002768579999923304 0.00031975900000702495
100 0.0008365890000021636 0.00041866200000129083
125 0.00036726400000475223 0.0005966439999980366
160 0.00039811299998859795 0.0008477120000094374
200 0.001378268999999932 0.0014673449999946797
400 0.0037434919999981275 0.004720302000009724
800 0.01582524299999477 0.05810453000000848
1000 0.035633676000003334 0.06924891599999228
2000 0.06911838599999953 0.29907212299998776
5000 0.4578167250000007 2.708265262000012
10000 1.9164064870000033 20.198358482999993
16000 5.976071273000002 72.368688416
