2 0.13110007699998505 0.0002570400000081463
5 6.870499998967716e-05 9.534000002986431e-05
10 4.9883999963640235e-05 8.975600002258943e-05
12 5.4124000030242314e-05 9.135699997386837e-05
15 5.399399998395893e-05 9.089899998571127e-05
20 5.378899999186615e-05 0.00015448199997081247
30 0.0001265359999820248 0.00020539799999141906
40 0.00011403500002415967 0.00029359500001646666
45 0.00010442299998203453 0.00024262599998792211
50 0.00015430100000912716 0.0002454730000067684
55 0.00013350400001854723 0.00028736699999853954
60 0.00020381799998858696 0.0002956609999955617
75 0.0005356419999884565 0.0003568039999777284
100 0.0003913819999752377 0.0004027119999818751
125 0.0002543200000104662 0.000611563000006754
160 0.00029658099998641774 0.0006982540000421977
200 0.0010891090000200165 0.0011120290000121713
400 0.0035459559999821977 0.004372623999984171
800 0.0143074869999964 0.030238760999964143
1000 0.020262421999973412 0.0638374530000192
2000 0.06742363699999032 0.2477049390000161
5000 0.44506430399997043 2.8093044530000384
10000 1.9715675159999932 18.342404278999993
16000 5.246347458999992 72.79753802300002
