2 0.0023298140000029832 0.0003142529999990984
5 0.0020872779999976387 0.00028325799999961987
10 0.0020517350000019974 0.0002690120000004015
12 0.002292786000001712 0.0002844329999973638
15 0.002217355999999171 0.0003804160000022705
20 0.0015724790000000155 0.00027697799999870654
30 0.0020938419999971813 0.00029031800000112185
40 0.002491133999999562 0.00037374100000064914
45 0.002483360999999462 0.00033507699999901774
50 0.0023773260000012897 0.00031396500000013816
55 0.0024045579999985023 0.00037520200000074055
60 0.0024184160000011445 0.0003484130000011021
75 0.003051006999999828 0.000363566000000759
100 0.0028371529999979828 0.00043653600000226334
125 0.003298634999996608 0.0005029160000020738
160 0.004359974999999849 0.000609493999998989
200 0.005282610000001853 0.0004313049999993268
400 0.007965756999997353 0.00046726400000096646
800 0.025228226999999492 0.0009855160000000751
1000 0.037568794999998545 0.0009502860000019098
2000 0.14305691999999937 0.0018111570000023391
5000 0.969412510999998 0.009779682000001344
10000 3.6436750540000027 0.0074032299999977624
16000 9.791380545000003 0.019910502999998414
