2 0.13604739299995572 0.00029302600000846724
5 0.00010498199998210112 0.0001977100000090104
10 5.841400002282171e-05 0.00012638399999786998
12 0.00013365900002781927 0.00012279899999612098
15 7.052199998724973e-05 0.00010727200003657344
20 6.455300001562136e-05 0.00020790199999964898
30 0.00010056500002519897 0.00022082399999590052
40 9.038799998961622e-05 0.00021601600002441046
45 0.00018703099999584083 0.00022019100003944914
50 0.00010291900002812326 0.00027330199998232274
55 0.0001397589999783122 0.0003502779999848826
60 0.00019043800000417832 0.0002507460000060746
75 0.000559318999989955 0.00025312200000371377
100 0.000497459000030176 0.0006383749999940846
125 0.0002651350000064667 0.0008186569999679705
160 0.00032963699999299934 0.0014013839999620359
200 0.0013554199999816774 0.001956022000001667
400 0.004433544999983496 0.0068167329999937465
800 0.015340328000036152 0.03550365600000305
1000 0.028843173000041133 0.07078361300000324
2000 0.0709634620000088 0.35084168299999874
5000 0.4977868189999981 3.0693958240000256
10000 1.822961078999981 19.617565395999975
16000 5.423035846999994 69.94941604000002
