2 0.12262134799999558 0.0003154909999807387
5 7.123299999989285e-05 9.35479999952804e-05
10 5.012799999803974e-05 8.957500000406071e-05
12 5.47190000190767e-05 9.867399998597648e-05
15 5.3726000004417074e-05 0.00011784100001932529
20 6.862500001147964e-05 0.00014672800000425923
30 8.242299998073577e-05 0.00017187900002113565
40 0.00013034400001288304 0.00013795499998536798
45 0.00010062499998753083 0.0002215579999926831
50 0.00017244099998947604 0.00018643900000370195
55 0.00014638300001479365 0.00017547799998851588
60 9.246999999845684e-05 0.00017813099998420512
75 0.0004464540000128636 0.0002916509999977279
100 0.0003345099999876311 0.0007518040000036308
125 0.0002186699999811026 0.0006262060000210568
160 0.0002741630000002715 0.0008185270000069522
200 0.0009215860000040266 0.0009252689999925678
400 0.0028735159999939697 0.0034040209999943727
800 0.012118640000011283 0.025446906999974317
1000 0.019380202000007785 0.06440096399998652
2000 0.07567097000000444 0.26940149099999644
5000 0.4823443250000139 3.1934245799999985
10000 1.7556649909999749 20.240281349000014
16000 6.730505842999975 71.81258155600003
