2 0.0017767260000027818 0.00018968099999483456
5 0.002112360999994678 0.0003218100000026425
10 0.0014538940000008438 0.00024586199999987457
12 0.0021658719999990694 0.00037160400000146865
15 0.0013176309999991531 0.00032585900000015044
20 0.0011085639999990349 0.0003432509999967692
30 0.0018161930000033522 0.00029970399999967867
40 0.0027400550000038493 0.00023114699999382537
45 0.0019208820000002902 0.0002885299999988433
50 0.0018970469999999295 0.0003499159999975632
55 0.0019034500000003618 0.00027069400000101496
60 0.001515808999997148 0.0002727720000024192
75 0.0018870339999992325 0.00041645299999970575
100 0.0024353160000032403 0.00032973499999400246
125 0.0028634169999932624 0.00043210500000157026
160 0.0033938770000006002 0.0007036219999960736
200 0.003779024000003517 0.00034995499999723734
400 0.012714170999998942 0.0009264179999988187
800 0.040046099999997864 0.0016366959999984942
1000 0.05455836000000147 0.0010126170000006596
2000 0.22590317600000276 0.003978961000001391
5000 0.896724424999995 0.0060850919999992925
10000 3.0997467259999993 0.009081512999998154
16000 8.703256218999996 0.014187528000000782
