2 0.0022819579999993067 0.0002722800000007908
5 0.001620997999999929 0.00020459999999999923
10 0.001953895999999844 0.0003094470000002403
12 0.0017808549999998036 0.00027079300000032447
15 0.00210986699999971 0.0003389629999999144
20 0.001632610999999784 0.00023246199999960027
30 0.0016678149999993508 0.000326342000000146
40 0.0021241650000005663 0.0003947389999998663
45 0.0018228260000006102 0.0002251129999999435
50 0.002069664000000415 0.00033334799999984455
55 0.002289037999999799 0.0003347370000001959
60 0.002218058999999606 0.00036425100000059274
75 0.002468212000000136 0.00041247299999991327
100 0.003046141999999641 0.0004507510000006931
125 0.0033498690000000053 0.0006169370000002061
160 0.004447275000000417 0.00046902299999995734
200 0.006217554000000014 0.000552835999999779
400 0.010515918999999485 0.0010573820000008283
800 0.03184922300000004 0.0007830220000002441
1000 0.04158942000000021 0.001093653999999944
2000 0.13856041899999916 0.0020782420000005075
5000 0.9970930329999996 0.0071198620000005874
10000 3.8326704100000004 0.011570662000000453
16000 10.142204591 0.016644298999999307
