2 0.0017290529999982596 0.00025194000000539063
5 0.001492477999995856 0.00026440199999910874
10 0.0012499310000038122 0.00029530199999783235
12 0.0012757820000004472 0.00018246999999860236
15 0.0009859069999933467 0.00016260499999987132
20 0.0013568010000000186 0.0003217159999948649
30 0.001902007999994737 0.00020493000000243455
40 0.001300569000001417 0.00039727299999725574
45 0.00194316299999997 0.0003110099999972249
50 0.001993444999996541 0.0002358480000026475
55 0.0016344210000056592 0.0003709019999931229
60 0.0019799889999987386 0.0003322260000047095
75 0.0020941039999939903 0.0002175940000057608
100 0.0015177720000068007 0.00019013999999373254
125 0.002473477999998863 0.0004636040000036701
160 0.002903015000001119 0.00034387599999519125
200 0.004292253999999218 0.00041700900000307684
400 0.009083537999998725 0.0005303049999980658
800 0.030224749999995026 0.0007959050000039269
1000 0.05511037799999485 0.0010034520000061775
2000 0.16279463100000413 0.002561761999999135
5000 1.0485127500000004 0.00801089200000149
10000 3.852396167000002 0.012821287999997821
16000 9.192853656000004 0.01594452300000171
