2 0.0009983009999956494 0.00014994900000431244
5 0.0008871120000009114 0.00013119900000191365
10 0.0007676359999990723 0.00014262600000591874
12 0.0007694339999986255 0.00012960200000122768
15 0.0007930200000032528 0.0001276550000000043
20 0.0008030059999981631 0.00013059200000498095
30 0.0010985449999978414 0.0002094059999961928
40 0.0010219389999974737 0.00019591200000235176
45 0.0013139770000023532 0.000213025999997285
50 0.0021883369999997626 0.00031850799999944
55 0.0024027179999990267 0.00033724100000398494
60 0.0022147930000002702 0.00041633600000068327
75 0.0029278049999987843 0.0003513210000036793
100 0.003482575999996129 0.0004179100000030189
125 0.0035897600000041052 0.0004965589999983422
160 0.002657423999998798 0.000491740999997603
200 0.005193599000001825 0.0005521849999965411
400 0.010625554999997178 0.0007622359999999162
800 0.030478838000000508 0.0009223559999966824
1000 0.04197299600000548 0.0010579590000006078
2000 0.1449993200000037 0.0017577750000015158
5000 0.7811201030000063 0.0036094119999887653
10000 3.1003858830000013 0.009096987000006607
16000 8.698145498999992 0.012986588000003962
