2 0.00011911799999997363 0.00042757800000003954
5 7.507600000011827e-05 0.00018715099999999651
10 6.834200000005453e-05 0.00011096900000007182
12 6.392399999999299e-05 9.707599999986272e-05
15 5.826200000003112e-05 0.0001004979999998934
20 5.939500000007314e-05 0.00015159300000000542
30 6.826799999992694e-05 0.00012729199999994556
40 8.669600000010824e-05 0.00014277000000006979
45 8.161300000009142e-05 0.00013430699999994467
50 7.868600000016102e-05 0.00016342399999991208
55 8.297000000001553e-05 0.00015802799999997674
60 9.682799999999325e-05 0.00016842399999994484
75 0.00017716999999994876 0.0002795099999999273
100 0.000237798999999983 0.00031868099999998734
125 0.00035649500000012324 0.0007010519999999243
160 0.0004484959999999649 0.0007880929999999342
200 0.001764437000000063 0.0008893620000001157
400 0.0028785669999999985 0.006394943000000097
800 0.011957546000000097 0.03714575099999995
1000 0.019824773999999934 0.05936640399999993
2000 0.07526730400000003 0.3277100399999999
5000 0.5028243580000002 3.0774642489999997
10000 1.735030278 19.326304355
16000 5.954094899999998 67.894464543
