2 0.007166458000000375 96 
5 0.0005337509999776557 600 
10 0.006138986999985718 2400 
12 0.006292188999992732 3456 
15 0.012753623000008929 5400 
20 0.013358242000009568 9600 
30 0.04072049100000186 21600 
40 0.09842821000000868 38400 
45 0.14463264300002265 48600 
50 0.1831288999999856 60000 
55 0.4080824049999876 72600 
60 0.4479981670000086 86400 
75 0.6987999879999904 135000 
100 2.274813592999976 240000 
125 2.6357480670000086 375000 
160 8.505784833000007 614400 
200 13.580708713000007 960000 
