2 0.0031811209999972334 96 
5 0.00023316300000431056 600 
10 0.0016895750000003318 2400 
12 0.0025322000000045364 3456 
15 0.005003832999989299 5400 
20 0.011829879999993409 9600 
30 0.039822467999997 21600 
40 0.09368861700001219 38400 
45 0.15296792799999537 48600 
50 0.18083876000000032 60000 
55 0.2414735550000131 72600 
60 0.30201007300000526 86400 
75 0.6553465309999922 135000 
100 1.4846910700000109 240000 
125 3.169998249999992 375000 
160 5.844414978000003 614400 
200 10.969813665999993 960000 
