2 0.0035407819999946355 96 
5 0.00022307399999732525 600 
10 0.0016561150000029556 2400 
12 0.0024964919999987956 3456 
15 0.0057421010000027195 5400 
20 0.014142726000002881 9600 
30 0.05883778799999817 21600 
40 0.15388450199999681 38400 
45 0.276415906000004 48600 
50 0.2848688269999968 60000 
55 0.4880700840000003 72600 
60 0.5300575110000025 86400 
75 0.8327741929999988 135000 
100 2.341363279999996 240000 
125 5.698476328000005 375000 
160 9.350220473999997 614400 
200 11.335550498000003 960000 
