2 0.0030032430000233035 96 
5 0.00020360199999913675 600 
10 0.0013566370000148709 2400 
12 0.0023326140000108353 3456 
15 0.004656455000002779 5400 
20 0.01318332199997485 9600 
30 0.04642263499999899 21600 
40 0.08586842699997987 38400 
45 0.1213130499999977 48600 
50 0.16473650700001485 60000 
55 0.21176357100000587 72600 
60 0.30247631800000363 86400 
75 0.5730241230000104 135000 
100 1.3405864369999847 240000 
125 2.5147402899999918 375000 
160 5.379445940000011 614400 
200 11.35943321100001 960000 
