2 0.0029759310000088135 96 
5 0.00019859900001506503 600 
10 0.0018557070000042586 2400 
12 0.0029782430000011573 3456 
15 0.0053106769999828884 5400 
20 0.012775458999982447 9600 
30 0.04088097000001767 21600 
40 0.09680231999999478 38400 
45 0.15007451299999275 48600 
50 0.1942990889999976 60000 
55 0.23693849400001454 72600 
60 0.318190474000005 86400 
75 0.7463863800000183 135000 
100 1.3283740260000059 240000 
125 3.840841181000002 375000 
160 5.81566186500001 614400 
200 15.010071020999987 960000 
