2 0.003005583000003753 96 
5 0.00020712799999955678 600 
10 0.0013691850000014938 2400 
12 0.0024697650000007343 3456 
15 0.004936720999992872 5400 
20 0.012975480000008588 9600 
30 0.035594626999994716 21600 
40 0.11146143100000927 38400 
45 0.17494451800000377 48600 
50 0.19901300300000457 60000 
55 0.25605242599999656 72600 
60 0.3285699769999866 86400 
75 0.6492835990000003 135000 
100 1.5289100190000084 240000 
125 3.0649469279999977 375000 
160 7.1279254880000025 614400 
200 11.443796917 960000 
