2 0.0029698740000014823 96 
5 0.0001992560000019239 600 
10 0.0014338069999837444 2400 
12 0.002388504999998986 3456 
15 0.004938571000025149 5400 
20 0.014946806000011748 9600 
30 0.04753290700000434 21600 
40 0.08681854799999655 38400 
45 0.12891140199999995 48600 
50 0.17317736699999386 60000 
55 0.22139988500001095 72600 
60 0.2971417520000159 86400 
75 0.5596687569999972 135000 
100 1.3010587759999908 240000 
125 2.552400239999997 375000 
160 5.353412211999995 614400 
200 10.42323574400001 960000 
