2 0.002966484000012315 96 
5 0.00020062100000473038 600 
10 0.0013728330000049027 2400 
12 0.0024166949999937515 3456 
15 0.00496090400000071 5400 
20 0.01721129299998836 9600 
30 0.044062358999994444 21600 
40 0.08771263499998838 38400 
45 0.12854165800000317 48600 
50 0.1775352540000057 60000 
55 0.2275522860000052 72600 
60 0.2913739640000017 86400 
75 0.5671424190000067 135000 
100 1.355081596000005 240000 
125 2.9589658170000064 375000 
160 5.496830684999992 614400 
200 10.909177365999994 960000 
